-7.279 -7.243 -7.206 -7.170 -7.133 -7.096 -7.058 -7.021 -6.983 -6.945 -6.907 -140
-6.907 -6.869 -6.831 -6.792 -6.753 -6.714 -6.675 -6.636 -6.596 -6.556 -6.516 -130
-6.516 -6.476 -6.436 -6.396 -6.355 -6.314 -6.273 -6.232 -6.191 -6.149 -6.107 -120
-6.107 -6.065 -6.023 -5.981 -5.939 -5.896 -5.853 -5.810 -5.767 -5.724 -5.681 -110
-5.681 -5.637 -5.593 -5.549 -5.505 -5.461 -5.417 -5.372 -5.327 -5.282 -5.237 -100
-5.237 -5.192 -5.147 -5.101 -5.055 -5.009 -4.963 -4.917 -4.871 -4.824 -4.777 -90
-4.777 -4.731 -4.684 -4.636 -4.589 -4.542 -4.494 -4.446 -4.398 -4.350 -4.302 -80
-4.302 -4.254 -4.205 -4.156 -4.107 -4.058 -4.009 -3.960 -3.911 -3.861 -3.811 -70
-3.811 -3.761 -3.711 -3.661 -3.611 -3.561 -3.510 -3.459 -3.408 -3.357 -3.306 -60
-3.306 -3.255 -3.204 -3.152 -3.100 -3.048 -2.996 -2.944 -2.892 -2.840 -2.787 -50
-2.787 -2.735 -2.682 -2.629 -2.576 -2.523 -2.469 -2.416 -2.362 -2.309 -2.255 -40
-2.255 -2.201 -2.147 -2.093 -2.038 -1.984 -1.929 -1.874 -1.820 -1.765 -1.709 -30
-1.709 -1.654 -1.599 -1.543 -1.488 -1.432 -1.376 -1.320 -1.264 -1.208 -1.152 -20
-1.152 -1.095 -1.039 -0.982 -0.925 -0.868 -0.811 -0.754 -0.697 -0.639 -0.582 -10
-0.582 -0.524 -0.466 -0.408 -0.350 -0.292 -0.234 -0.176 -0.117 -0.059 0.000 0
0.000 0.059 0.118 0.176 0.235 0.294 0.354 0.413 0.472 0.532 0.591 0
0.591 0.651 0.711 0.770 0.830 0.890 0.950 1.010 1.071 1.131 1.192 10
1.192 1.252 1.313 1.373 1.434 1.495 1.556 1.617 1.678 1.740 1.801 20
1.801 1.862 1.924 1.986 2.047 2.109 2.171 2.233 2.295 2.357 2.420 30
2.420 2.482 2.545 2.607 2.670 2.733 2.795 2.858 2.921 2.984 3.048 40
3.048 3.111 3.174 3.238 3.301 3.365 3.429 3.492 3.556 3.620 3.685 50
3.685 3.749 3.813 3.877 3.942 4.006 4.071 4.136 4.200 4.265 4.330 60
4.330 4.395 4.460 4.526 4.591 4.656 4.722 4.788 4.853 4.919 4.985 70
4.985 5.051 5.117 5.183 5.249 5.315 5.382 5.448 5.514 5.581 5.648 80
5.648 5.714 5.781 5.848 5.915 5.982 6.049 6.117 6.184 6.251 6.319 90
6.319 6.386 6.454 6.522 6.590 6.658 6.725 6.794 6.862 6.930 6.998 100
6.998 7.066 7.135 7.203 7.272 7.341 7.409 7.478 7.547 7.616 7.685 110
7.685 7.754 7.823 7.892 7.962 8.031 8.101 8.170 8.240 8.309 8.379 120
8.379 8.449 8.519 8.589 8.659 8.729 8.799 8.869 8.940 9.010 9.081 130
9.081 9.151 9.222 9.292 9.363 9.434 9.505 9.576 9.647 9.718 9.789 140